[gd_scene load_steps=9 format=3 uid="uid://dmesiygxqdgyi"]

[ext_resource type="Script" path="res://src/gamemode/race.gd" id="1_kg8se"]
[ext_resource type="PackedScene" uid="uid://dltsdrq8grbsc" path="res://src/world/map/map_1.tscn" id="2_ndh3e"]
[ext_resource type="PackedScene" uid="uid://brgh15k8ufvrd" path="res://src/player/boat.tscn" id="3_4j3ew"]
[ext_resource type="Script" path="res://src/player/view/splitScreenView.gd" id="3_gb4n2"]
[ext_resource type="Script" path="res://src/StaticCamera.gd" id="4_2hlpx"]
[ext_resource type="Script" path="res://src/gamemode/parcours.gd" id="6_iee00"]
[ext_resource type="PackedScene" uid="uid://wwbhal8v70ht" path="res://src/gamemode/parcour/race_mark.tscn" id="7_li58y"]
[ext_resource type="Script" path="res://src/gamemode/raceGate.gd" id="7_pi3qw"]

[node name="Race" type="Node"]
script = ExtResource("1_kg8se")

[node name="Map1" parent="." instance=ExtResource("2_ndh3e")]

[node name="SplitscreenView" type="HBoxContainer" parent="."]
anchors_preset = 15
anchor_right = 1.0
anchor_bottom = 1.0
grow_horizontal = 2
grow_vertical = 2
theme_override_constants/separation = 0
script = ExtResource("3_gb4n2")

[node name="Boat" parent="SplitscreenView" instance=ExtResource("3_4j3ew")]
transform = Transform3D(-4.37114e-08, 0, 1, 0, 1, 0, -1, 0, -4.37114e-08, 10, -0.012, 0)
speed_stat = 10

[node name="StaticCamera" type="Camera3D" parent="SplitscreenView/Boat"]
transform = Transform3D(1, 0, 0, 0, 1, 0, 0, 0, 1, -6, 10, 0)
cull_mask = 2047
current = true
script = ExtResource("4_2hlpx")

[node name="followCamera" type="Camera3D" parent="SplitscreenView/Boat"]
transform = Transform3D(-3.88318e-08, 0.45913, -0.888369, 2.00692e-08, 0.888369, 0.45913, 1, -1.77636e-15, -4.37114e-08, -2.72879, 1.98386, 0)
cull_mask = 2047

[node name="Boat2" parent="SplitscreenView" instance=ExtResource("3_4j3ew")]
transform = Transform3D(-4.37114e-08, 0, 1, 0, 1, 0, -1, 0, -4.37114e-08, -10, -0.012, 0)
speed_stat = 10
player = "p2"

[node name="StaticCamera" type="Camera3D" parent="SplitscreenView/Boat2"]
transform = Transform3D(1, -3.15544e-30, -3.55271e-15, 0, 1, -6.66134e-16, 3.55271e-15, 6.66134e-16, 1, -6, 10, 0)
cull_mask = 3071
current = true
script = ExtResource("4_2hlpx")

[node name="followCamera" type="Camera3D" parent="SplitscreenView/Boat2"]
transform = Transform3D(-3.88318e-08, 0.45913, -0.888369, 2.00692e-08, 0.888369, 0.45913, 1, -1.77636e-15, -4.37114e-08, -2.72879, 1.98386, 0)
cull_mask = 3071

[node name="Parcours" type="Node3D" parent="."]
script = ExtResource("6_iee00")

[node name="RaceMark" parent="Parcours" instance=ExtResource("7_li58y")]
transform = Transform3D(1, 0, 0, 0, 1, 0, 0, 0, 1, 8.65636, -3.8147e-06, -4.32877)

[node name="Start" type="Node3D" parent="Parcours"]
transform = Transform3D(1, 0, 0, 0, 1, 0, 0, 0, 1, 16.0995, 0, 18.456)
script = ExtResource("7_pi3qw")

[node name="babord" type="Marker3D" parent="Parcours/Start"]
gizmo_extents = 2.0

[node name="tribord" type="Marker3D" parent="Parcours/Start"]
transform = Transform3D(1, 0, 0, 0, 1, 0, 0, 0, 1, 7.90831, 0, 0)
gizmo_extents = 2.0

[node name="Gate1" type="Node3D" parent="Parcours"]
transform = Transform3D(0.877062, 0, 0.480377, 0, 1, 0, -0.480377, 0, 0.877062, 25.1866, 3.8147e-06, -27.4759)

[node name="babord" type="Marker3D" parent="Parcours/Gate1"]
gizmo_extents = 2.0

[node name="tribord" type="Marker3D" parent="Parcours/Gate1"]
transform = Transform3D(1, 0, 0, 0, 1, 0, 0, 0, 1, 7.90831, 0, 0)
gizmo_extents = 2.0

[node name="Gate2" type="Node3D" parent="Parcours"]
transform = Transform3D(-0.501692, 0, 0.865046, 0, 1, 0, -0.865046, 0, -0.501692, -30.947, 3.8147e-06, -36.1614)

[node name="babord" type="Marker3D" parent="Parcours/Gate2"]
gizmo_extents = 2.0

[node name="tribord" type="Marker3D" parent="Parcours/Gate2"]
transform = Transform3D(1, 0, 0, 0, 1, 0, 0, 0, 1, 7.90831, 0, 0)
gizmo_extents = 2.0

[node name="Gate3" type="Node3D" parent="Parcours"]
transform = Transform3D(0.485008, 0, -0.87451, 0, 1, 0, 0.87451, 0, 0.485008, -21.6134, 3.8147e-06, -23.4997)

[node name="babord" type="Marker3D" parent="Parcours/Gate3"]
gizmo_extents = 2.0

[node name="tribord" type="Marker3D" parent="Parcours/Gate3"]
transform = Transform3D(1, 0, 0, 0, 1, 0, 0, 0, 1, 7.90831, 0, 0)
gizmo_extents = 2.0

[node name="Gate4" type="Node3D" parent="Parcours"]
transform = Transform3D(-0.870768, 0, -0.491694, 0, 1, 0, 0.491694, 0, -0.870768, -10.8848, 0, -20.4873)

[node name="babord" type="Marker3D" parent="Parcours/Gate4"]
gizmo_extents = 2.0

[node name="tribord" type="Marker3D" parent="Parcours/Gate4"]
transform = Transform3D(1, 0, 0, 0, 1, 0, 0, 0, 1, 7.90831, 0, 0)
gizmo_extents = 2.0

[node name="Finish" type="Node3D" parent="Parcours"]
transform = Transform3D(-0.975204, 0, 0.22131, 0, 1, 0, -0.22131, 0, -0.975204, -13.7664, 3.8147e-06, 5.47177)

[node name="babord" type="Marker3D" parent="Parcours/Finish"]
gizmo_extents = 2.0

[node name="tribord" type="Marker3D" parent="Parcours/Finish"]
transform = Transform3D(1, 0, 0, 0, 1, 0, 0, 0, 1, 7.90831, 0, 0)
gizmo_extents = 2.0
